
*** Ejecucion en paralelo ***


>> Centroides 0, 20, 40...
 
  cent000 --  12.4 21.1 54.3 65.7 17.5 15.4 60.9 75.8 10.4 28.4 68.2 71.9 39.8 54.0 68.0 64.0 18.2 65.0 69.5 13.9 12.4 21.1 54.3 65.7 17.5 15.4 60.9 75.8 10.4 28.4 68.2 71.9 39.8 54.0 68.0 64.0 18.2 65.0 69.5 13.9
  cent020 --  37.3 43.6 65.5 53.7 16.3 23.3 52.8 59.5 70.5 69.0 45.5 30.7 31.3 38.8 33.6 16.2 67.7 64.8 40.4 40.2 37.3 43.6 65.5 53.7 16.3 23.3 52.8 59.5 70.5 69.0 45.5 30.7 31.3 38.8 33.6 16.2 67.7 64.8 40.4 40.2
  cent040 --  31.3 62.1 42.8 43.2 82.9 31.0 78.1 26.3 39.4 55.7 11.7 37.0 57.3 36.7 30.8 84.3 72.9 30.2 22.3 30.8 31.3 62.1 42.8 43.2 82.9 31.0 78.1 26.3 39.4 55.7 11.7 37.0 57.3 36.7 30.8 84.3 72.9 30.2 22.3 30.8
  cent060 --  21.5 44.4 30.9 52.8 72.4 84.7 39.2 53.4 74.1 53.5 25.2 71.8 52.3 76.1 63.0 62.6 42.2 35.2 78.2 38.4 21.5 44.4 30.9 52.8 72.4 84.7 39.2 53.4 74.1 53.5 25.2 71.8 52.3 76.1 63.0 62.6 42.2 35.2 78.2 38.4

>> Numero de clusteres: 70. Tamanno de los grupos:

  1728  1806  6260  1718  1698   713  1801   765  1695  1784
  7171  2779   730  1708  1866  1660 10129  6071  3373  5105
  3517  3550  3357  1769  7134   749  4384  5231  2771  1828
  2889  4615  3431  3498  1728  1668  3437  1659  2758  1753
  1811  1890  4483  2754   758  9549  4482  4404  1747  3449
  1822  1815  1712  3419  1793  1665  2888   703   729  1666
  4510  7151  1797  4566  2814  3372  4448  1755  3655  1747

>> Densidad de los clusters: a[i]

    43.13    54.26   138.49    42.08    39.19   222.06    53.16   222.89    38.07    51.10
   130.28    47.28   223.08    40.41    61.52    33.32    37.47   114.63   102.95   137.78
   109.20    95.57    83.78    48.71   125.45   223.41    84.11   140.14    46.47    56.41
    56.03   122.82    83.85   115.68    43.33    34.74   136.41    33.12    45.56    46.91
    54.19    63.93   107.19    45.34   222.45   145.69    86.95   101.59    45.91   105.51
    55.55    54.96    41.23   126.58    52.09    34.31    55.65   222.27   222.80    34.37
   118.63   133.79    52.41   117.81    49.69    80.65    97.22    46.99   131.86    46.18

>> Analisis de enfermedades en los grupos

Enfermedad:  0 - mmax: 0.41 (grupo 25) - mmin: 0.38 (grupo 55)
Enfermedad:  1 - mmax: 0.60 (grupo  5) - mmin: 0.58 (grupo  3)
Enfermedad:  2 - mmax: 0.41 (grupo  8) - mmin: 0.38 (grupo  5)
Enfermedad:  3 - mmax: 0.61 (grupo 12) - mmin: 0.58 (grupo  0)
Enfermedad:  4 - mmax: 0.41 (grupo 44) - mmin: 0.38 (grupo 12)
Enfermedad:  5 - mmax: 0.62 (grupo 25) - mmin: 0.58 (grupo  0)
Enfermedad:  6 - mmax: 0.41 (grupo 14) - mmin: 0.38 (grupo  4)
Enfermedad:  7 - mmax: 0.63 (grupo 44) - mmin: 0.58 (grupo 39)
Enfermedad:  8 - mmax: 0.41 (grupo  5) - mmin: 0.38 (grupo  3)
Enfermedad:  9 - mmax: 0.61 (grupo  5) - mmin: 0.58 (grupo 23)
Enfermedad: 10 - mmax: 0.41 (grupo  7) - mmin: 0.38 (grupo  5)
Enfermedad: 11 - mmax: 0.61 (grupo 25) - mmin: 0.58 (grupo  5)
Enfermedad: 12 - mmax: 0.41 (grupo 34) - mmin: 0.38 (grupo 25)
Enfermedad: 13 - mmax: 0.62 (grupo  7) - mmin: 0.58 (grupo 35)
Enfermedad: 14 - mmax: 0.42 (grupo 25) - mmin: 0.38 (grupo  5)
Enfermedad: 15 - mmax: 0.61 (grupo  3) - mmin: 0.58 (grupo 25)
Enfermedad: 16 - mmax: 0.42 (grupo  7) - mmin: 0.37 (grupo 57)
Enfermedad: 17 - mmax: 0.61 (grupo 44) - mmin: 0.58 (grupo 12)

t_lec,3.284418
t_clust,77.991232
t_enf,18.610752
t_escri,0.002593
t_silh,38.975912
t_grup_cer,35.397441
Texe,99.888995
